takt;q1;q2;q2p
0;373.000000;-15.000000;325.949310
1;629.000000;-19.000000;325.949310
2;628.000000;-16.000000;325.949310
3;473.000000;-10.000000;325.949310
4;93.000000;2.000000;325.949310
5;-519.000000;25.000000;325.949310
6;-1241.000000;53.000000;325.949310
7;-2055.000000;85.000000;325.949310
8;-2956.000000;121.000000;325.949310
9;-3854.000000;157.000000;325.949310
10;-4668.000000;192.000000;325.949310
11;-5470.000000;223.000000;325.949310
12;-6239.000000;254.000000;325.949310
13;-6894.000000;281.000000;325.949310
14;-7451.000000;303.000000;325.949310
15;-7942.000000;323.000000;325.949310
16;-8332.000000;339.000000;325.949310
17;-8621.000000;351.000000;325.949310
18;-8848.000000;361.000000;325.949310
19;-9012.000000;367.000000;325.949310
20;-9090.000000;371.000000;325.949310
21;-9105.000000;371.000000;325.949310
22;-9077.000000;371.000000;325.949310
23;-8996.000000;368.000000;325.949310
24;-8876.000000;363.000000;325.949310
25;-8744.000000;358.000000;325.949310
26;-8594.000000;352.000000;325.949310
27;-8426.000000;346.000000;325.949310
28;-8256.000000;339.000000;325.949310
29;-8092.000000;332.000000;325.949310
30;-7934.000000;326.000000;325.949310
31;-7790.000000;321.000000;325.949310
32;-7672.000000;316.000000;325.949310
33;-7577.000000;312.000000;325.949310
34;-7509.000000;309.000000;325.949310
35;-7466.000000;307.000000;325.949310
36;-7452.000000;307.000000;325.949310
37;-7458.000000;306.000000;325.949310
38;-7488.000000;307.000000;325.949310
39;-7528.000000;308.000000;325.949310
40;-7565.000000;310.000000;325.949310
41;-7608.000000;311.000000;325.949310
42;-7640.000000;313.000000;325.949310
43;-7667.000000;314.000000;325.949310
44;-7686.000000;315.000000;325.949310
45;-7693.000000;315.000000;325.949310
46;-7700.000000;315.000000;325.949310
47;-7704.000000;315.000000;325.949310
48;-7700.000000;316.000000;325.949310
49;-7702.000000;316.000000;325.949310
50;-7710.000000;316.000000;325.949310
51;-7714.000000;316.000000;325.949310
52;-7723.000000;316.000000;325.949310
53;-7736.000000;317.000000;325.949310
54;-7744.000000;317.000000;325.949310
55;-7753.000000;317.000000;325.949310
56;-7765.000000;318.000000;325.949310
57;-7776.000000;319.000000;325.949310
58;-7776.000000;319.000000;325.949310
59;-7780.000000;319.000000;325.949310
60;-7783.000000;319.000000;325.949310
61;-7778.000000;319.000000;325.949310
62;-7778.000000;319.000000;325.949310
63;-7778.000000;319.000000;325.949310
64;-7776.000000;319.000000;325.949310
65;-7774.000000;319.000000;325.949310
66;-7776.000000;319.000000;325.949310
67;-7778.000000;319.000000;325.949310
68;-7780.000000;319.000000;325.949310
69;-7786.000000;319.000000;325.949310
70;-7792.000000;319.000000;325.949310
71;-7801.000000;319.000000;325.949310
72;-7807.000000;320.000000;325.949310
73;-7814.000000;320.000000;325.949310
74;-7824.000000;320.000000;325.949310
75;-7828.000000;321.000000;325.949310
76;-7832.000000;321.000000;325.949310
77;-7840.000000;321.000000;325.949310
78;-7841.000000;321.000000;325.949310
79;-7839.000000;321.000000;325.949310
80;-7842.000000;321.000000;325.949310
81;-7841.000000;321.000000;325.949310
82;-7836.000000;321.000000;325.949310
83;-7835.000000;321.000000;325.949310
84;-7836.000000;321.000000;325.949310
85;-7834.000000;321.000000;325.949310
86;-7834.000000;321.000000;325.949310
87;-7837.000000;321.000000;325.949310
88;-7838.000000;321.000000;325.949310
89;-7840.000000;321.000000;325.949310
90;-7843.000000;321.000000;325.949310
91;-7846.000000;321.000000;325.949310
92;-7846.000000;321.000000;325.949310
93;-7846.000000;321.000000;325.949310
94;-7846.000000;321.000000;325.949310
95;-7843.000000;321.000000;325.949310
96;-7842.000000;321.000000;325.949310
97;-7841.000000;321.000000;325.949310
98;-7837.000000;321.000000;325.949310
99;-7833.000000;321.000000;325.949310
100;-7833.000000;321.000000;325.949310
101;-7832.000000;321.000000;325.949310
102;-7829.000000;321.000000;325.949310
103;-7831.000000;321.000000;325.949310
104;-7832.000000;321.000000;325.949310
105;-7832.000000;321.000000;325.949310
106;-7835.000000;321.000000;325.949310
107;-7837.000000;321.000000;325.949310
108;-7837.000000;321.000000;325.949310
109;-7839.000000;321.000000;325.949310
110;-7840.000000;321.000000;325.949310
111;-7840.000000;321.000000;325.949310
112;-7841.000000;321.000000;325.949310
113;-7840.000000;321.000000;325.949310
114;-7841.000000;321.000000;325.949310
115;-7842.000000;321.000000;325.949310
116;-7840.000000;321.000000;325.949310
117;-7841.000000;321.000000;325.949310
118;-7841.000000;321.000000;325.949310
119;-7841.000000;321.000000;325.949310
120;-7840.000000;321.000000;325.949310
121;-7842.000000;321.000000;325.949310
122;-7841.000000;321.000000;325.949310
123;-7841.000000;321.000000;325.949310
124;-7843.000000;321.000000;325.949310
125;-7843.000000;321.000000;325.949310
126;-7842.000000;321.000000;325.949310
127;-7842.000000;321.000000;325.949310
128;-7840.000000;321.000000;325.949310
129;-7839.000000;321.000000;325.949310
130;-7839.000000;321.000000;325.949310
131;-7837.000000;321.000000;325.949310
132;-7836.000000;321.000000;325.949310
133;-7837.000000;321.000000;325.949310
134;-7836.000000;321.000000;325.949310
135;-7838.000000;321.000000;325.949310
136;-7840.000000;321.000000;325.949310
137;-7839.000000;321.000000;325.949310
138;-7840.000000;321.000000;325.949310
139;-7842.000000;321.000000;325.949310
140;-7842.000000;321.000000;325.949310
141;-7841.000000;321.000000;325.949310
142;-7842.000000;321.000000;325.949310
143;-7841.000000;321.000000;325.949310
144;-7842.000000;321.000000;325.949310
145;-7842.000000;321.000000;325.949310
146;-7841.000000;321.000000;325.949310
147;-7841.000000;321.000000;325.949310
148;-7841.000000;321.000000;325.949310
149;-7840.000000;321.000000;325.949310
150;-7843.000000;321.000000;325.949310
151;-7841.000000;321.000000;325.949310
152;-7839.000000;321.000000;325.949310
153;-7839.000000;321.000000;325.949310
154;-7840.000000;321.000000;325.949310
155;-7840.000000;321.000000;325.949310
156;-7841.000000;321.000000;325.949310
157;-7842.000000;321.000000;325.949310
158;-7842.000000;321.000000;325.949310
159;-7842.000000;321.000000;325.949310
160;-7843.000000;321.000000;325.949310
161;-7843.000000;321.000000;325.949310
162;-7842.000000;321.000000;325.949310
163;-7842.000000;321.000000;325.949310
164;-7843.000000;321.000000;325.949310
165;-7844.000000;321.000000;325.949310
166;-7846.000000;321.000000;325.949310
167;-7848.000000;321.000000;325.949310
168;-7848.000000;321.000000;325.949310
169;-7849.000000;321.000000;325.949310
170;-7849.000000;321.000000;325.949310
171;-7849.000000;321.000000;325.949310
172;-7844.000000;322.000000;325.949310
173;-7840.000000;322.000000;325.949310
174;-7838.000000;322.000000;325.949310
175;-7833.000000;322.000000;325.949310
176;-7831.000000;322.000000;325.949310
177;-7834.000000;322.000000;325.949310
178;-7834.000000;322.000000;325.949310
179;-7837.000000;322.000000;325.949310
180;-7845.000000;322.000000;325.949310
181;-7848.000000;322.000000;325.949310
182;-7851.000000;322.000000;325.949310
183;-7856.000000;322.000000;325.949310
184;-7859.000000;322.000000;325.949310
185;-7861.000000;322.000000;325.949310
186;-7864.000000;322.000000;325.949310
187;-7867.000000;322.000000;325.949310
188;-7866.000000;322.000000;325.949310
189;-7866.000000;322.000000;325.949310
190;-7867.000000;322.000000;325.949310
191;-7866.000000;322.000000;325.949310
192;-7866.000000;322.000000;325.949310
193;-7867.000000;322.000000;325.949310
194;-7868.000000;322.000000;325.949310
195;-7869.000000;322.000000;325.949310
196;-7871.000000;322.000000;325.949310
197;-7872.000000;322.000000;325.949310
198;-7872.000000;322.000000;325.949310
199;-7873.000000;322.000000;325.949310
200;-7873.000000;322.000000;325.949310
201;-7873.000000;322.000000;325.949310
202;-7875.000000;322.000000;325.949310
203;-7875.000000;323.000000;325.949310
204;-7870.000000;323.000000;325.949310
205;-7869.000000;323.000000;325.949310
206;-7865.000000;323.000000;325.949310
207;-7857.000000;323.000000;325.949310
208;-7855.000000;323.000000;325.949310
209;-7852.000000;323.000000;325.949310
210;-7849.000000;322.000000;325.949310
211;-7853.000000;322.000000;325.949310
212;-7855.000000;322.000000;325.949310
213;-7858.000000;322.000000;325.949310
214;-7861.000000;322.000000;325.949310
215;-7863.000000;322.000000;325.949310
216;-7867.000000;322.000000;325.949310
217;-7871.000000;322.000000;325.949310
218;-7871.000000;322.000000;325.949310
219;-7873.000000;322.000000;325.949310
220;-7875.000000;322.000000;325.949310
221;-7873.000000;322.000000;325.949310
222;-7875.000000;322.000000;325.949310
223;-7872.000000;323.000000;325.949310
224;-7865.000000;323.000000;325.949310
225;-7862.000000;323.000000;325.949310
226;-7858.000000;323.000000;325.949310
227;-7850.000000;322.000000;325.949310
228;-7852.000000;322.000000;325.949310
229;-7852.000000;322.000000;325.949310
230;-7850.000000;322.000000;325.949310
231;-7857.000000;322.000000;325.949310
232;-7862.000000;322.000000;325.949310
233;-7865.000000;322.000000;325.949310
234;-7871.000000;322.000000;325.949310
235;-7875.000000;322.000000;325.949310
236;-7875.000000;322.000000;325.949310
237;-7875.000000;323.000000;325.949310
238;-7873.000000;323.000000;325.949310
239;-7869.000000;323.000000;325.949310
240;-7864.000000;323.000000;325.949310
241;-7859.000000;323.000000;325.949310
242;-7852.000000;323.000000;325.949310
243;-7851.000000;322.000000;325.949310
244;-7849.000000;322.000000;325.949310
245;-7848.000000;322.000000;325.949310
246;-7853.000000;322.000000;325.949310
247;-7853.000000;322.000000;325.949310
248;-7853.000000;322.000000;325.949310
249;-7859.000000;322.000000;325.949310
250;-7861.000000;322.000000;325.949310
251;-7860.000000;322.000000;325.949310
252;-7864.000000;322.000000;325.949310
253;-7863.000000;322.000000;325.949310
254;-7861.000000;322.000000;325.949310
255;-7864.000000;322.000000;325.949310
256;-7864.000000;322.000000;325.949310
257;-7864.000000;322.000000;325.949310
258;-7866.000000;322.000000;325.949310
259;-7865.000000;322.000000;325.949310
260;-7864.000000;322.000000;325.949310
261;-7866.000000;322.000000;325.949310
262;-7861.000000;322.000000;325.949310
263;-7860.000000;322.000000;325.949310
264;-7860.000000;322.000000;325.949310
265;-7855.000000;322.000000;325.949310
266;-7856.000000;322.000000;325.949310
267;-7859.000000;322.000000;325.949310
268;-7854.000000;322.000000;325.949310
269;-7854.000000;322.000000;325.949310
270;-7856.000000;322.000000;325.949310
271;-7853.000000;322.000000;325.949310
272;-7853.000000;322.000000;325.949310
273;-7856.000000;322.000000;325.949310
274;-7853.000000;322.000000;325.949310
275;-7853.000000;322.000000;325.949310
276;-7857.000000;322.000000;325.949310
277;-7856.000000;322.000000;325.949310
278;-7857.000000;322.000000;325.949310
279;-7859.000000;322.000000;325.949310
280;-7857.000000;322.000000;325.949310
281;-7859.000000;322.000000;325.949310
282;-7861.000000;322.000000;325.949310
283;-7860.000000;322.000000;325.949310
284;-7862.000000;322.000000;325.949310
285;-7864.000000;322.000000;325.949310
286;-7864.000000;322.000000;325.949310
287;-7866.000000;322.000000;325.949310
288;-7866.000000;322.000000;325.949310
289;-7864.000000;322.000000;325.949310
290;-7864.000000;322.000000;325.949310
291;-7864.000000;322.000000;325.949310
292;-7863.000000;322.000000;325.949310
293;-7864.000000;322.000000;325.949310
294;-7863.000000;322.000000;325.949310
295;-7861.000000;322.000000;325.949310
296;-7862.000000;322.000000;325.949310
297;-7861.000000;322.000000;325.949310
298;-7858.000000;322.000000;325.949310
299;-7860.000000;322.000000;325.949310
300;-7860.000000;322.000000;325.949310
301;-7861.000000;322.000000;325.949310
302;-7865.000000;322.000000;325.949310
303;-7868.000000;322.000000;325.949310
304;-7869.000000;322.000000;325.949310
305;-7870.000000;322.000000;325.949310
306;-7871.000000;322.000000;325.949310
307;-7870.000000;322.000000;325.949310
308;-7870.000000;322.000000;325.949310
309;-7870.000000;322.000000;325.949310
310;-7870.000000;322.000000;325.949310
311;-7870.000000;322.000000;325.949310
312;-7870.000000;322.000000;325.949310
313;-7871.000000;322.000000;325.949310
314;-7870.000000;322.000000;325.949310
315;-7869.000000;322.000000;325.949310
316;-7869.000000;322.000000;325.949310
317;-7868.000000;322.000000;325.949310
318;-7868.000000;322.000000;325.949310
319;-7869.000000;322.000000;325.949310
320;-7869.000000;322.000000;325.949310
321;-7870.000000;322.000000;325.949310
322;-7870.000000;322.000000;325.949310
323;-7870.000000;322.000000;325.949310
324;-7869.000000;322.000000;325.949310
325;-7869.000000;322.000000;325.949310
326;-7869.000000;322.000000;325.949310
327;-7869.000000;322.000000;325.949310
328;-7869.000000;322.000000;325.949310
329;-7868.000000;322.000000;325.949310
330;-7869.000000;322.000000;325.949310
331;-7869.000000;322.000000;325.949310
332;-7868.000000;322.000000;325.949310
333;-7871.000000;322.000000;325.949310
334;-7869.000000;322.000000;325.949310
335;-7869.000000;322.000000;325.949310
336;-7871.000000;322.000000;325.949310
337;-7869.000000;322.000000;325.949310
338;-7868.000000;322.000000;325.949310
339;-7868.000000;322.000000;325.949310
340;-7866.000000;322.000000;325.949310
341;-7865.000000;322.000000;325.949310
342;-7867.000000;322.000000;325.949310
343;-7865.000000;322.000000;325.949310
344;-7865.000000;322.000000;325.949310
345;-7867.000000;322.000000;325.949310
346;-7867.000000;322.000000;325.949310
347;-7867.000000;322.000000;325.949310
348;-7870.000000;322.000000;325.949310
349;-7870.000000;322.000000;325.949310
350;-7872.000000;322.000000;325.949310
351;-7874.000000;322.000000;325.949310
352;-7873.000000;322.000000;325.949310
353;-7875.000000;323.000000;325.949310
354;-7870.000000;323.000000;325.949310
355;-7862.000000;323.000000;325.949310
356;-7858.000000;323.000000;325.949310
357;-7851.000000;323.000000;325.949310
358;-7845.000000;322.000000;325.949310
359;-7845.000000;322.000000;325.949310
360;-7845.000000;322.000000;325.949310
361;-7844.000000;322.000000;325.949310
362;-7850.000000;322.000000;325.949310
363;-7857.000000;322.000000;325.949310
364;-7859.000000;322.000000;325.949310
365;-7864.000000;322.000000;325.949310
366;-7868.000000;322.000000;325.949310
367;-7866.000000;322.000000;325.949310
368;-7868.000000;322.000000;325.949310
369;-7872.000000;322.000000;325.949310
370;-7869.000000;322.000000;325.949310
371;-7868.000000;322.000000;325.949310
372;-7871.000000;322.000000;325.949310
373;-7868.000000;322.000000;325.949310
374;-7870.000000;322.000000;325.949310
375;-7871.000000;322.000000;325.949310
376;-7869.000000;322.000000;325.949310
377;-7870.000000;322.000000;325.949310
378;-7870.000000;322.000000;325.949310
379;-7868.000000;322.000000;325.949310
380;-7869.000000;322.000000;325.949310
381;-7867.000000;322.000000;325.949310
382;-7866.000000;322.000000;325.949310
383;-7868.000000;322.000000;325.949310
384;-7866.000000;322.000000;325.949310
385;-7865.000000;322.000000;325.949310
386;-7867.000000;322.000000;325.949310
387;-7866.000000;322.000000;325.949310
388;-7866.000000;322.000000;325.949310
389;-7870.000000;322.000000;325.949310
390;-7870.000000;322.000000;325.949310
391;-7871.000000;322.000000;325.949310
392;-7876.000000;323.000000;325.949310
393;-7871.000000;323.000000;325.949310
394;-7867.000000;323.000000;325.949310
395;-7865.000000;323.000000;325.949310
396;-7857.000000;323.000000;325.949310
397;-7852.000000;322.000000;325.949310
398;-7855.000000;322.000000;325.949310
399;-7853.000000;322.000000;325.949310
400;-7854.000000;322.000000;325.949310
401;-7862.000000;322.000000;325.949310
402;-7862.000000;322.000000;325.949310
403;-7864.000000;322.000000;325.949310
404;-7870.000000;322.000000;325.949310
405;-7871.000000;322.000000;325.949310
406;-7870.000000;322.000000;325.949310
407;-7874.000000;322.000000;325.949310
408;-7871.000000;323.000000;325.949310
409;-7864.000000;323.000000;325.949310
410;-7861.000000;323.000000;325.949310
411;-7855.000000;323.000000;325.949310
412;-7848.000000;322.000000;325.949310
413;-7849.000000;322.000000;325.949310
414;-7848.000000;322.000000;325.949310
415;-7848.000000;322.000000;325.949310
416;-7853.000000;322.000000;325.949310
417;-7853.000000;322.000000;325.949310
418;-7858.000000;322.000000;325.949310
419;-7861.000000;322.000000;325.949310
420;-7860.000000;322.000000;325.949310
421;-7862.000000;322.000000;325.949310
422;-7863.000000;322.000000;325.949310
423;-7862.000000;322.000000;325.949310
424;-7864.000000;322.000000;325.949310
425;-7866.000000;322.000000;325.949310
426;-7864.000000;322.000000;325.949310
427;-7864.000000;322.000000;325.949310
428;-7866.000000;322.000000;325.949310
429;-7865.000000;322.000000;325.949310
430;-7865.000000;322.000000;325.949310
431;-7866.000000;322.000000;325.949310
432;-7864.000000;322.000000;325.949310
433;-7864.000000;322.000000;325.949310
434;-7865.000000;322.000000;325.949310
435;-7863.000000;322.000000;325.949310
436;-7863.000000;322.000000;325.949310
437;-7863.000000;322.000000;325.949310
438;-7862.000000;322.000000;325.949310
439;-7863.000000;322.000000;325.949310
440;-7865.000000;322.000000;325.949310
441;-7864.000000;322.000000;325.949310
442;-7865.000000;322.000000;325.949310
443;-7865.000000;322.000000;325.949310
444;-7866.000000;322.000000;325.949310
445;-7866.000000;322.000000;325.949310
446;-7866.000000;322.000000;325.949310
447;-7867.000000;322.000000;325.949310
448;-7866.000000;322.000000;325.949310
449;-7867.000000;322.000000;325.949310
450;-7867.000000;322.000000;325.949310
451;-7866.000000;322.000000;325.949310
452;-7866.000000;322.000000;325.949310
453;-7868.000000;322.000000;325.949310
454;-7868.000000;322.000000;325.949310
455;-7869.000000;322.000000;325.949310
456;-7869.000000;322.000000;325.949310
457;-7868.000000;322.000000;325.949310
458;-7869.000000;322.000000;325.949310
459;-7869.000000;322.000000;325.949310
460;-7869.000000;322.000000;325.949310
461;-7872.000000;322.000000;325.949310
462;-7872.000000;322.000000;325.949310
463;-7873.000000;322.000000;325.949310
464;-7876.000000;323.000000;325.949310
465;-7869.000000;323.000000;325.949310
466;-7864.000000;323.000000;325.949310
467;-7861.000000;323.000000;325.949310
468;-7854.000000;323.000000;325.949310
469;-7853.000000;322.000000;325.949310
470;-7854.000000;322.000000;325.949310
471;-7852.000000;322.000000;325.949310
472;-7855.000000;322.000000;325.949310
473;-7862.000000;322.000000;325.949310
474;-7862.000000;322.000000;325.949310
475;-7865.000000;322.000000;325.949310
476;-7872.000000;322.000000;325.949310
477;-7871.000000;322.000000;325.949310
478;-7869.000000;322.000000;325.949310
479;-7874.000000;322.000000;325.949310
480;-7872.000000;322.000000;325.949310
481;-7869.000000;322.000000;325.949310
482;-7871.000000;322.000000;325.949310
483;-7868.000000;322.000000;325.949310
484;-7865.000000;322.000000;325.949310
485;-7866.000000;322.000000;325.949310
486;-7863.000000;322.000000;325.949310
487;-7862.000000;322.000000;325.949310
488;-7864.000000;322.000000;325.949310
489;-7862.000000;322.000000;325.949310
490;-7863.000000;322.000000;325.949310
491;-7865.000000;322.000000;325.949310
492;-7862.000000;322.000000;325.949310
493;-7863.000000;322.000000;325.949310
494;-7865.000000;322.000000;325.949310
495;-7861.000000;322.000000;325.949310
496;-7862.000000;322.000000;325.949310
497;-7864.000000;322.000000;325.949310
498;-7860.000000;322.000000;325.949310
499;-7861.000000;322.000000;325.949310
500;-7863.000000;322.000000;325.949310
501;-7861.000000;322.000000;325.949310
502;-7862.000000;322.000000;325.949310
503;-7865.000000;322.000000;325.949310
504;-7864.000000;322.000000;325.949310
505;-7866.000000;322.000000;325.949310
506;-7868.000000;322.000000;325.949310
507;-7867.000000;322.000000;325.949310
508;-7868.000000;322.000000;325.949310
509;-7868.000000;322.000000;325.949310
510;-7865.000000;322.000000;325.949310
511;-7867.000000;322.000000;325.949310
512;-7867.000000;322.000000;325.949310
513;-7865.000000;322.000000;325.949310
514;-7867.000000;322.000000;325.949310
515;-7866.000000;322.000000;325.949310
516;-7861.000000;322.000000;325.949310
517;-7863.000000;322.000000;325.949310
518;-7862.000000;322.000000;325.949310
519;-7857.000000;322.000000;325.949310
520;-7858.000000;322.000000;325.949310
521;-7858.000000;322.000000;325.949310
522;-7854.000000;322.000000;325.949310
523;-7857.000000;322.000000;325.949310
524;-7858.000000;322.000000;325.949310
525;-7855.000000;322.000000;325.949310
526;-7859.000000;322.000000;325.949310
527;-7862.000000;322.000000;325.949310
528;-7862.000000;322.000000;325.949310
529;-7867.000000;322.000000;325.949310
530;-7869.000000;322.000000;325.949310
531;-7867.000000;322.000000;325.949310
532;-7869.000000;322.000000;325.949310
533;-7870.000000;322.000000;325.949310
534;-7868.000000;322.000000;325.949310
535;-7869.000000;322.000000;325.949310
536;-7869.000000;322.000000;325.949310
537;-7868.000000;322.000000;325.949310
538;-7869.000000;322.000000;325.949310
539;-7867.000000;322.000000;325.949310
540;-7865.000000;322.000000;325.949310
541;-7865.000000;322.000000;325.949310
542;-7863.000000;322.000000;325.949310
543;-7862.000000;322.000000;325.949310
544;-7864.000000;322.000000;325.949310
545;-7865.000000;322.000000;325.949310
546;-7865.000000;322.000000;325.949310
547;-7867.000000;322.000000;325.949310
548;-7868.000000;322.000000;325.949310
549;-7868.000000;322.000000;325.949310
550;-7870.000000;322.000000;325.949310
551;-7870.000000;322.000000;325.949310
552;-7871.000000;322.000000;325.949310
553;-7871.000000;322.000000;325.949310
554;-7870.000000;322.000000;325.949310
555;-7870.000000;322.000000;325.949310
556;-7870.000000;322.000000;325.949310
557;-7869.000000;322.000000;325.949310
558;-7870.000000;322.000000;325.949310
559;-7872.000000;322.000000;325.949310
560;-7872.000000;322.000000;325.949310
561;-7873.000000;322.000000;325.949310
562;-7872.000000;323.000000;325.949310
563;-7870.000000;323.000000;325.949310
564;-7868.000000;323.000000;325.949310
565;-7864.000000;323.000000;325.949310
566;-7860.000000;323.000000;325.949310
567;-7857.000000;323.000000;325.949310
568;-7851.000000;322.000000;325.949310
569;-7854.000000;322.000000;325.949310
570;-7856.000000;322.000000;325.949310
571;-7857.000000;322.000000;325.949310
572;-7863.000000;322.000000;325.949310
573;-7867.000000;322.000000;325.949310
574;-7870.000000;322.000000;325.949310
575;-7876.000000;323.000000;325.949310
576;-7874.000000;323.000000;325.949310
577;-7868.000000;323.000000;325.949310
578;-7865.000000;323.000000;325.949310
579;-7860.000000;323.000000;325.949310
580;-7854.000000;322.000000;325.949310
581;-7857.000000;322.000000;325.949310
582;-7857.000000;322.000000;325.949310
583;-7857.000000;322.000000;325.949310
584;-7863.000000;322.000000;325.949310
585;-7866.000000;322.000000;325.949310
586;-7867.000000;322.000000;325.949310
587;-7871.000000;322.000000;325.949310
588;-7871.000000;322.000000;325.949310
589;-7868.000000;322.000000;325.949310
590;-7868.000000;322.000000;325.949310
591;-7868.000000;322.000000;325.949310
592;-7868.000000;322.000000;325.949310
593;-7868.000000;322.000000;325.949310
594;-7866.000000;322.000000;325.949310
595;-7867.000000;322.000000;325.949310
596;-7867.000000;322.000000;325.949310
597;-7866.000000;322.000000;325.949310
598;-7869.000000;322.000000;325.949310
599;-7869.000000;322.000000;325.949310
600;-7865.000000;322.000000;325.949310
601;-7869.000000;322.000000;325.949310
602;-7868.000000;322.000000;325.949310
603;-7865.000000;322.000000;325.949310
604;-7868.000000;322.000000;325.949310
605;-7867.000000;322.000000;325.949310
606;-7866.000000;322.000000;325.949310
607;-7870.000000;322.000000;325.949310
608;-7871.000000;322.000000;325.949310
609;-7869.000000;322.000000;325.949310
610;-7873.000000;322.000000;325.949310
611;-7872.000000;322.000000;325.949310
612;-7869.000000;322.000000;325.949310
613;-7872.000000;322.000000;325.949310
614;-7871.000000;322.000000;325.949310
615;-7868.000000;322.000000;325.949310
616;-7870.000000;322.000000;325.949310
617;-7868.000000;322.000000;325.949310
618;-7865.000000;322.000000;325.949310
619;-7867.000000;322.000000;325.949310
620;-7866.000000;322.000000;325.949310
621;-7864.000000;322.000000;325.949310
622;-7868.000000;322.000000;325.949310
623;-7866.000000;322.000000;325.949310
624;-7865.000000;322.000000;325.949310
625;-7868.000000;322.000000;325.949310
626;-7865.000000;322.000000;325.949310
627;-7864.000000;322.000000;325.949310
628;-7866.000000;322.000000;325.949310
629;-7865.000000;322.000000;325.949310
630;-7866.000000;322.000000;325.949310
631;-7870.000000;322.000000;325.949310
632;-7869.000000;322.000000;325.949310
633;-7868.000000;322.000000;325.949310
634;-7871.000000;322.000000;325.949310
635;-7868.000000;322.000000;325.949310
636;-7867.000000;322.000000;325.949310
637;-7869.000000;322.000000;325.949310
638;-7866.000000;322.000000;325.949310
639;-7866.000000;322.000000;325.949310
640;-7868.000000;322.000000;325.949310
641;-7865.000000;322.000000;325.949310
642;-7865.000000;322.000000;325.949310
643;-7867.000000;322.000000;325.949310
644;-7863.000000;322.000000;325.949310
645;-7864.000000;322.000000;325.949310
646;-7865.000000;322.000000;325.949310
647;-7862.000000;322.000000;325.949310
648;-7864.000000;322.000000;325.949310
649;-7864.000000;322.000000;325.949310
650;-7861.000000;322.000000;325.949310
651;-7862.000000;322.000000;325.949310
652;-7863.000000;322.000000;325.949310
653;-7861.000000;322.000000;325.949310
654;-7864.000000;322.000000;325.949310
655;-7866.000000;322.000000;325.949310
656;-7864.000000;322.000000;325.949310
657;-7865.000000;322.000000;325.949310
658;-7867.000000;322.000000;325.949310
659;-7863.000000;322.000000;325.949310
660;-7864.000000;322.000000;325.949310
661;-7865.000000;322.000000;325.949310
662;-7862.000000;322.000000;325.949310
663;-7864.000000;322.000000;325.949310
664;-7865.000000;322.000000;325.949310
665;-7864.000000;322.000000;325.949310
666;-7866.000000;322.000000;325.949310
667;-7868.000000;322.000000;325.949310
668;-7866.000000;322.000000;325.949310
669;-7868.000000;322.000000;325.949310
670;-7868.000000;322.000000;325.949310
671;-7867.000000;322.000000;325.949310
672;-7869.000000;322.000000;325.949310
673;-7868.000000;322.000000;325.949310
674;-7867.000000;322.000000;325.949310
675;-7869.000000;322.000000;325.949310
676;-7869.000000;322.000000;325.949310
677;-7869.000000;322.000000;325.949310
678;-7870.000000;322.000000;325.949310
679;-7869.000000;322.000000;325.949310
680;-7870.000000;322.000000;325.949310
681;-7872.000000;322.000000;325.949310
682;-7871.000000;322.000000;325.949310
683;-7870.000000;322.000000;325.949310
684;-7871.000000;322.000000;325.949310
685;-7869.000000;322.000000;325.949310
686;-7869.000000;322.000000;325.949310
687;-7871.000000;322.000000;325.949310
688;-7870.000000;322.000000;325.949310
689;-7870.000000;322.000000;325.949310
690;-7872.000000;322.000000;325.949310
691;-7871.000000;322.000000;325.949310
692;-7871.000000;322.000000;325.949310
693;-7871.000000;322.000000;325.949310
694;-7871.000000;322.000000;325.949310
695;-7870.000000;322.000000;325.949310
696;-7870.000000;322.000000;325.949310
697;-7871.000000;322.000000;325.949310
698;-7870.000000;322.000000;325.949310
699;-7870.000000;322.000000;325.949310
700;-7871.000000;322.000000;325.949310
701;-7870.000000;322.000000;325.949310
702;-7871.000000;322.000000;325.949310
703;-7872.000000;322.000000;325.949310
704;-7871.000000;322.000000;325.949310
705;-7872.000000;322.000000;325.949310
706;-7874.000000;322.000000;325.949310
707;-7874.000000;322.000000;325.949310
708;-7875.000000;322.000000;325.949310
709;-7872.000000;323.000000;325.949310
710;-7868.000000;323.000000;325.949310
711;-7866.000000;323.000000;325.949310
712;-7862.000000;323.000000;325.949310
713;-7855.000000;323.000000;325.949310
714;-7857.000000;322.000000;325.949310
715;-7860.000000;322.000000;325.949310
716;-7858.000000;322.000000;325.949310
717;-7862.000000;322.000000;325.949310
718;-7869.000000;322.000000;325.949310
719;-7869.000000;322.000000;325.949310
720;-7872.000000;322.000000;325.949310
721;-7876.000000;323.000000;325.949310
722;-7870.000000;323.000000;325.949310
723;-7866.000000;323.000000;325.949310
724;-7865.000000;323.000000;325.949310
725;-7858.000000;323.000000;325.949310
726;-7856.000000;322.000000;325.949310
727;-7857.000000;322.000000;325.949310
728;-7855.000000;322.000000;325.949310
729;-7857.000000;322.000000;325.949310
730;-7862.000000;322.000000;325.949310
731;-7862.000000;322.000000;325.949310
732;-7864.000000;322.000000;325.949310
733;-7868.000000;322.000000;325.949310
734;-7867.000000;322.000000;325.949310
735;-7868.000000;322.000000;325.949310
736;-7870.000000;322.000000;325.949310
737;-7867.000000;322.000000;325.949310
738;-7868.000000;322.000000;325.949310
739;-7868.000000;322.000000;325.949310
740;-7867.000000;322.000000;325.949310
741;-7868.000000;322.000000;325.949310
742;-7868.000000;322.000000;325.949310
743;-7867.000000;322.000000;325.949310
744;-7871.000000;322.000000;325.949310
745;-7872.000000;322.000000;325.949310
746;-7871.000000;322.000000;325.949310
747;-7874.000000;322.000000;325.949310
748;-7873.000000;322.000000;325.949310
749;-7872.000000;322.000000;325.949310
750;-7875.000000;322.000000;325.949310
751;-7873.000000;322.000000;325.949310
752;-7870.000000;322.000000;325.949310
753;-7873.000000;322.000000;325.949310
754;-7872.000000;322.000000;325.949310
755;-7870.000000;322.000000;325.949310
756;-7873.000000;322.000000;325.949310
757;-7871.000000;322.000000;325.949310
758;-7869.000000;322.000000;325.949310
759;-7871.000000;322.000000;325.949310
760;-7869.000000;322.000000;325.949310
761;-7867.000000;322.000000;325.949310
762;-7869.000000;322.000000;325.949310
763;-7867.000000;322.000000;325.949310
764;-7865.000000;322.000000;325.949310
765;-7868.000000;322.000000;325.949310
766;-7866.000000;322.000000;325.949310
767;-7865.000000;322.000000;325.949310
768;-7869.000000;322.000000;325.949310
769;-7868.000000;322.000000;325.949310
770;-7866.000000;322.000000;325.949310
771;-7870.000000;322.000000;325.949310
772;-7870.000000;322.000000;325.949310
773;-7868.000000;322.000000;325.949310
774;-7871.000000;322.000000;325.949310
775;-7870.000000;322.000000;325.949310
776;-7868.000000;322.000000;325.949310
777;-7870.000000;322.000000;325.949310
778;-7869.000000;322.000000;325.949310
779;-7869.000000;322.000000;325.949310
780;-7870.000000;322.000000;325.949310
781;-7869.000000;322.000000;325.949310
782;-7868.000000;322.000000;325.949310
783;-7869.000000;322.000000;325.949310
784;-7866.000000;322.000000;325.949310
785;-7866.000000;322.000000;325.949310
786;-7867.000000;322.000000;325.949310
787;-7863.000000;322.000000;325.949310
788;-7863.000000;322.000000;325.949310
789;-7865.000000;322.000000;325.949310
790;-7862.000000;322.000000;325.949310
791;-7863.000000;322.000000;325.949310
792;-7865.000000;322.000000;325.949310
793;-7863.000000;322.000000;325.949310
794;-7865.000000;322.000000;325.949310
795;-7867.000000;322.000000;325.949310
796;-7865.000000;322.000000;325.949310
797;-7867.000000;322.000000;325.949310
798;-7869.000000;322.000000;325.949310
799;-7868.000000;322.000000;325.949310
800;-7871.000000;322.000000;325.949310
801;-7873.000000;322.000000;325.949310
802;-7870.000000;322.000000;325.949310
803;-7871.000000;322.000000;325.949310
804;-7870.000000;322.000000;325.949310
805;-7868.000000;322.000000;325.949310
806;-7868.000000;322.000000;325.949310
807;-7867.000000;322.000000;325.949310
808;-7866.000000;322.000000;325.949310
809;-7865.000000;322.000000;325.949310
810;-7864.000000;322.000000;325.949310
811;-7863.000000;322.000000;325.949310
812;-7863.000000;322.000000;325.949310
813;-7863.000000;322.000000;325.949310
814;-7863.000000;322.000000;325.949310
815;-7864.000000;322.000000;325.949310
816;-7864.000000;322.000000;325.949310
817;-7864.000000;322.000000;325.949310
818;-7864.000000;322.000000;325.949310
819;-7864.000000;322.000000;325.949310
820;-7864.000000;322.000000;325.949310
821;-7864.000000;322.000000;325.949310
822;-7864.000000;322.000000;325.949310
823;-7864.000000;322.000000;325.949310
824;-7865.000000;322.000000;325.949310
825;-7865.000000;322.000000;325.949310
826;-7866.000000;322.000000;325.949310
827;-7867.000000;322.000000;325.949310
828;-7867.000000;322.000000;325.949310
829;-7866.000000;322.000000;325.949310
830;-7865.000000;322.000000;325.949310
831;-7866.000000;322.000000;325.949310
832;-7865.000000;322.000000;325.949310
833;-7865.000000;322.000000;325.949310
834;-7866.000000;322.000000;325.949310
835;-7866.000000;322.000000;325.949310
836;-7864.000000;322.000000;325.949310
837;-7866.000000;322.000000;325.949310
838;-7865.000000;322.000000;325.949310
839;-7864.000000;322.000000;325.949310
840;-7868.000000;322.000000;325.949310
841;-7869.000000;322.000000;325.949310
842;-7870.000000;322.000000;325.949310
843;-7872.000000;322.000000;325.949310
844;-7872.000000;322.000000;325.949310
845;-7870.000000;322.000000;325.949310
846;-7872.000000;322.000000;325.949310
847;-7869.000000;322.000000;325.949310
848;-7868.000000;322.000000;325.949310
849;-7869.000000;322.000000;325.949310
850;-7867.000000;322.000000;325.949310
851;-7868.000000;322.000000;325.949310
852;-7870.000000;322.000000;325.949310
853;-7868.000000;322.000000;325.949310
854;-7870.000000;322.000000;325.949310
855;-7873.000000;322.000000;325.949310
856;-7872.000000;322.000000;325.949310
857;-7872.000000;322.000000;325.949310
858;-7875.000000;323.000000;325.949310
859;-7866.000000;323.000000;325.949310
860;-7860.000000;323.000000;325.949310
861;-7857.000000;323.000000;325.949310
862;-7849.000000;323.000000;325.949310
863;-7849.000000;322.000000;325.949310
864;-7850.000000;322.000000;325.949310
865;-7848.000000;322.000000;325.949310
866;-7852.000000;322.000000;325.949310
867;-7857.000000;322.000000;325.949310
868;-7858.000000;322.000000;325.949310
869;-7860.000000;322.000000;325.949310
870;-7863.000000;322.000000;325.949310
871;-7861.000000;322.000000;325.949310
872;-7863.000000;322.000000;325.949310
873;-7866.000000;322.000000;325.949310
874;-7864.000000;322.000000;325.949310
875;-7866.000000;322.000000;325.949310
876;-7868.000000;322.000000;325.949310
877;-7869.000000;322.000000;325.949310
878;-7872.000000;322.000000;325.949310
879;-7875.000000;322.000000;325.949310
880;-7874.000000;322.000000;325.949310
881;-7875.000000;323.000000;325.949310
882;-7869.000000;323.000000;325.949310
883;-7864.000000;323.000000;325.949310
884;-7861.000000;323.000000;325.949310
885;-7852.000000;323.000000;325.949310
886;-7848.000000;322.000000;325.949310
887;-7850.000000;322.000000;325.949310
888;-7849.000000;322.000000;325.949310
889;-7850.000000;322.000000;325.949310
890;-7857.000000;322.000000;325.949310
891;-7859.000000;322.000000;325.949310
892;-7859.000000;322.000000;325.949310
893;-7865.000000;322.000000;325.949310
894;-7867.000000;322.000000;325.949310
895;-7867.000000;322.000000;325.949310
896;-7871.000000;322.000000;325.949310
897;-7873.000000;322.000000;325.949310
898;-7873.000000;322.000000;325.949310
899;-7874.000000;322.000000;325.949310
900;-7875.000000;322.000000;325.949310
901;-7871.000000;323.000000;325.949310
902;-7865.000000;323.000000;325.949310
903;-7859.000000;323.000000;325.949310
904;-7851.000000;323.000000;325.949310
905;-7848.000000;322.000000;325.949310
906;-7847.000000;322.000000;325.949310
907;-7846.000000;322.000000;325.949310
908;-7849.000000;322.000000;325.949310
909;-7852.000000;322.000000;325.949310
910;-7855.000000;322.000000;325.949310
911;-7862.000000;322.000000;325.949310
912;-7865.000000;322.000000;325.949310
913;-7867.000000;322.000000;325.949310
914;-7870.000000;322.000000;325.949310
915;-7869.000000;322.000000;325.949310
916;-7870.000000;322.000000;325.949310
917;-7871.000000;322.000000;325.949310
918;-7870.000000;322.000000;325.949310
919;-7870.000000;322.000000;325.949310
920;-7870.000000;322.000000;325.949310
921;-7868.000000;322.000000;325.949310
922;-7867.000000;322.000000;325.949310
923;-7868.000000;322.000000;325.949310
924;-7867.000000;322.000000;325.949310
925;-7867.000000;322.000000;325.949310
926;-7868.000000;322.000000;325.949310
927;-7867.000000;322.000000;325.949310
928;-7868.000000;322.000000;325.949310
929;-7869.000000;322.000000;325.949310
930;-7868.000000;322.000000;325.949310
931;-7869.000000;322.000000;325.949310
932;-7871.000000;322.000000;325.949310
933;-7872.000000;322.000000;325.949310
934;-7874.000000;322.000000;325.949310
935;-7875.000000;322.000000;325.949310
936;-7875.000000;322.000000;325.949310
937;-7875.000000;323.000000;325.949310
938;-7870.000000;323.000000;325.949310
939;-7865.000000;323.000000;325.949310
940;-7862.000000;323.000000;325.949310
941;-7852.000000;323.000000;325.949310
942;-7849.000000;322.000000;325.949310
943;-7851.000000;322.000000;325.949310
944;-7850.000000;322.000000;325.949310
945;-7854.000000;322.000000;325.949310
946;-7860.000000;322.000000;325.949310
947;-7862.000000;322.000000;325.949310
948;-7865.000000;322.000000;325.949310
949;-7869.000000;322.000000;325.949310
950;-7872.000000;322.000000;325.949310
951;-7872.000000;322.000000;325.949310
952;-7874.000000;322.000000;325.949310
953;-7876.000000;323.000000;325.949310
954;-7869.000000;323.000000;325.949310
955;-7865.000000;323.000000;325.949310
956;-7861.000000;323.000000;325.949310
957;-7857.000000;323.000000;325.949310
958;-7855.000000;322.000000;325.949310
959;-7860.000000;322.000000;325.949310
960;-7864.000000;322.000000;325.949310
961;-7866.000000;322.000000;325.949310
962;-7873.000000;322.000000;325.949310
963;-7872.000000;323.000000;325.949310
964;-7867.000000;323.000000;325.949310
965;-7866.000000;323.000000;325.949310
966;-7862.000000;323.000000;325.949310
967;-7855.000000;323.000000;325.949310
968;-7856.000000;322.000000;325.949310
969;-7859.000000;322.000000;325.949310
970;-7856.000000;322.000000;325.949310
971;-7860.000000;322.000000;325.949310
972;-7866.000000;322.000000;325.949310
973;-7866.000000;322.000000;325.949310
974;-7871.000000;322.000000;325.949310
975;-7874.000000;322.000000;325.949310
976;-7873.000000;322.000000;325.949310
977;-7872.000000;323.000000;325.949310
978;-7865.000000;323.000000;325.949310
979;-7858.000000;323.000000;325.949310
980;-7852.000000;323.000000;325.949310
981;-7844.000000;322.000000;325.949310
982;-7845.000000;322.000000;325.949310
983;-7845.000000;322.000000;325.949310
984;-7845.000000;322.000000;325.949310
985;-7849.000000;322.000000;325.949310
986;-7853.000000;322.000000;325.949310
987;-7854.000000;322.000000;325.949310
988;-7856.000000;322.000000;325.949310
989;-7862.000000;322.000000;325.949310
990;-7862.000000;322.000000;325.949310
991;-7863.000000;322.000000;325.949310
992;-7869.000000;322.000000;325.949310
993;-7867.000000;322.000000;325.949310
994;-7866.000000;322.000000;325.949310
995;-7869.000000;322.000000;325.949310
996;-7867.000000;322.000000;325.949310
997;-7864.000000;322.000000;325.949310
998;-7866.000000;322.000000;325.949310
999;-7862.000000;322.000000;325.949310
1000;-7860.000000;322.000000;325.949310
1001;-7862.000000;322.000000;325.949310
1002;-7858.000000;322.000000;325.949310
1003;-7858.000000;322.000000;325.949310
1004;-7861.000000;322.000000;325.949310
1005;-7857.000000;322.000000;325.949310
1006;-7858.000000;322.000000;325.949310
1007;-7861.000000;322.000000;325.949310
1008;-7857.000000;322.000000;325.949310
1009;-7857.000000;322.000000;325.949310
1010;-7862.000000;322.000000;325.949310
1011;-7860.000000;322.000000;325.949310
1012;-7861.000000;322.000000;325.949310
1013;-7865.000000;322.000000;325.949310
1014;-7863.000000;322.000000;325.949310
1015;-7864.000000;322.000000;325.949310
1016;-7866.000000;322.000000;325.949310
1017;-7863.000000;322.000000;325.949310
1018;-7863.000000;322.000000;325.949310
1019;-7864.000000;322.000000;325.949310
1020;-7859.000000;322.000000;325.949310
1021;-7860.000000;322.000000;325.949310
1022;-7859.000000;322.000000;325.949310
1023;-7854.000000;322.000000;325.949310
1024;-7855.000000;322.000000;325.949310
1025;-7856.000000;322.000000;325.949310
1026;-7853.000000;322.000000;325.949310
1027;-7855.000000;322.000000;325.949310
1028;-7857.000000;322.000000;325.949310
1029;-7855.000000;322.000000;325.949310
1030;-7857.000000;322.000000;325.949310
1031;-7859.000000;322.000000;325.949310
1032;-7856.000000;322.000000;325.949310
1033;-7858.000000;322.000000;325.949310
1034;-7858.000000;322.000000;325.949310
1035;-7857.000000;322.000000;325.949310
1036;-7858.000000;322.000000;325.949310
1037;-7858.000000;322.000000;325.949310
1038;-7856.000000;322.000000;325.949310
1039;-7857.000000;322.000000;325.949310
1040;-7856.000000;322.000000;325.949310
1041;-7854.000000;322.000000;325.949310
1042;-7857.000000;322.000000;325.949310
1043;-7857.000000;322.000000;325.949310
1044;-7857.000000;322.000000;325.949310
1045;-7860.000000;322.000000;325.949310
1046;-7861.000000;322.000000;325.949310
1047;-7860.000000;322.000000;325.949310
1048;-7862.000000;322.000000;325.949310
1049;-7863.000000;322.000000;325.949310
1050;-7862.000000;322.000000;325.949310
1051;-7864.000000;322.000000;325.949310
1052;-7863.000000;322.000000;325.949310
1053;-7863.000000;322.000000;325.949310
1054;-7864.000000;322.000000;325.949310
1055;-7864.000000;322.000000;325.949310
1056;-7863.000000;322.000000;325.949310
1057;-7863.000000;322.000000;325.949310
1058;-7862.000000;322.000000;325.949310
1059;-7863.000000;322.000000;325.949310
1060;-7864.000000;322.000000;325.949310
1061;-7863.000000;322.000000;325.949310
1062;-7864.000000;322.000000;325.949310
1063;-7864.000000;322.000000;325.949310
1064;-7863.000000;322.000000;325.949310
1065;-7864.000000;322.000000;325.949310
1066;-7864.000000;322.000000;325.949310
1067;-7862.000000;322.000000;325.949310
1068;-7863.000000;322.000000;325.949310
1069;-7863.000000;322.000000;325.949310
1070;-7864.000000;322.000000;325.949310
1071;-7865.000000;322.000000;325.949310
1072;-7865.000000;322.000000;325.949310
1073;-7866.000000;322.000000;325.949310
1074;-7865.000000;322.000000;325.949310
1075;-7866.000000;322.000000;325.949310
1076;-7869.000000;322.000000;325.949310
1077;-7869.000000;322.000000;325.949310
1078;-7870.000000;322.000000;325.949310
1079;-7873.000000;322.000000;325.949310
1080;-7873.000000;322.000000;325.949310
1081;-7873.000000;322.000000;325.949310
1082;-7874.000000;322.000000;325.949310
1083;-7872.000000;322.000000;325.949310
1084;-7871.000000;322.000000;325.949310
1085;-7872.000000;322.000000;325.949310
1086;-7871.000000;322.000000;325.949310
1087;-7869.000000;322.000000;325.949310
1088;-7871.000000;322.000000;325.949310
1089;-7870.000000;322.000000;325.949310
1090;-7869.000000;322.000000;325.949310
1091;-7871.000000;322.000000;325.949310
1092;-7869.000000;322.000000;325.949310
1093;-7868.000000;322.000000;325.949310
1094;-7869.000000;322.000000;325.949310
1095;-7868.000000;322.000000;325.949310
1096;-7869.000000;322.000000;325.949310
1097;-7871.000000;322.000000;325.949310
1098;-7871.000000;322.000000;325.949310
1099;-7871.000000;322.000000;325.949310
1100;-7871.000000;322.000000;325.949310
1101;-7871.000000;322.000000;325.949310
1102;-7873.000000;322.000000;325.949310
1103;-7874.000000;322.000000;325.949310
1104;-7873.000000;322.000000;325.949310
1105;-7876.000000;323.000000;325.949310
1106;-7870.000000;323.000000;325.949310
1107;-7864.000000;323.000000;325.949310
1108;-7862.000000;323.000000;325.949310
1109;-7853.000000;323.000000;325.949310
1110;-7848.000000;322.000000;325.949310
1111;-7851.000000;322.000000;325.949310
1112;-7848.000000;322.000000;325.949310
1113;-7848.000000;322.000000;325.949310
1114;-7855.000000;322.000000;325.949310
1115;-7857.000000;322.000000;325.949310
1116;-7856.000000;322.000000;325.949310
1117;-7864.000000;322.000000;325.949310
1118;-7866.000000;322.000000;325.949310
1119;-7865.000000;322.000000;325.949310
1120;-7870.000000;322.000000;325.949310
1121;-7872.000000;322.000000;325.949310
1122;-7869.000000;322.000000;325.949310
1123;-7869.000000;322.000000;325.949310
1124;-7869.000000;322.000000;325.949310
1125;-7867.000000;322.000000;325.949310
1126;-7867.000000;322.000000;325.949310
1127;-7867.000000;322.000000;325.949310
1128;-7866.000000;322.000000;325.949310
1129;-7867.000000;322.000000;325.949310
1130;-7866.000000;322.000000;325.949310
1131;-7866.000000;322.000000;325.949310
1132;-7867.000000;322.000000;325.949310
1133;-7865.000000;322.000000;325.949310
1134;-7863.000000;322.000000;325.949310
1135;-7865.000000;322.000000;325.949310
1136;-7863.000000;322.000000;325.949310
1137;-7861.000000;322.000000;325.949310
1138;-7865.000000;322.000000;325.949310
1139;-7864.000000;322.000000;325.949310
1140;-7865.000000;322.000000;325.949310
1141;-7870.000000;322.000000;325.949310
1142;-7869.000000;322.000000;325.949310
1143;-7867.000000;322.000000;325.949310
1144;-7869.000000;322.000000;325.949310
1145;-7866.000000;322.000000;325.949310
1146;-7865.000000;322.000000;325.949310
1147;-7868.000000;322.000000;325.949310
1148;-7866.000000;322.000000;325.949310
1149;-7866.000000;322.000000;325.949310
1150;-7869.000000;322.000000;325.949310
1151;-7866.000000;322.000000;325.949310
1152;-7866.000000;322.000000;325.949310
1153;-7867.000000;322.000000;325.949310
1154;-7864.000000;322.000000;325.949310
1155;-7864.000000;322.000000;325.949310
1156;-7865.000000;322.000000;325.949310
1157;-7862.000000;322.000000;325.949310
1158;-7864.000000;322.000000;325.949310
1159;-7866.000000;322.000000;325.949310
1160;-7865.000000;322.000000;325.949310
1161;-7868.000000;322.000000;325.949310
1162;-7870.000000;322.000000;325.949310
1163;-7869.000000;322.000000;325.949310
1164;-7870.000000;322.000000;325.949310
1165;-7871.000000;322.000000;325.949310
1166;-7870.000000;322.000000;325.949310
1167;-7870.000000;322.000000;325.949310
1168;-7870.000000;322.000000;325.949310
1169;-7868.000000;322.000000;325.949310
1170;-7869.000000;322.000000;325.949310
1171;-7870.000000;322.000000;325.949310
1172;-7869.000000;322.000000;325.949310
1173;-7871.000000;322.000000;325.949310
1174;-7871.000000;322.000000;325.949310
1175;-7870.000000;322.000000;325.949310
1176;-7872.000000;322.000000;325.949310
1177;-7873.000000;322.000000;325.949310
1178;-7871.000000;322.000000;325.949310
1179;-7873.000000;322.000000;325.949310
1180;-7874.000000;322.000000;325.949310
1181;-7872.000000;322.000000;325.949310
1182;-7874.000000;322.000000;325.949310
1183;-7873.000000;322.000000;325.949310
1184;-7872.000000;322.000000;325.949310
1185;-7873.000000;322.000000;325.949310
1186;-7873.000000;322.000000;325.949310
1187;-7873.000000;322.000000;325.949310
1188;-7874.000000;322.000000;325.949310
1189;-7874.000000;322.000000;325.949310
1190;-7874.000000;322.000000;325.949310
1191;-7875.000000;322.000000;325.949310
1192;-7873.000000;322.000000;325.949310
1193;-7873.000000;322.000000;325.949310
1194;-7872.000000;322.000000;325.949310
1195;-7873.000000;322.000000;325.949310
1196;-7874.000000;322.000000;325.949310
1197;-7875.000000;323.000000;325.949310
1198;-7870.000000;323.000000;325.949310
1199;-7869.000000;323.000000;325.949310
1200;-7865.000000;323.000000;325.949310
1201;-7862.000000;323.000000;325.949310
1202;-7862.000000;323.000000;325.949310
1203;-7859.000000;323.000000;325.949310
1204;-7858.000000;323.000000;325.949310
1205;-7858.000000;323.000000;325.949310
1206;-7858.000000;323.000000;325.949310
1207;-7857.000000;323.000000;325.949310
1208;-7856.000000;323.000000;325.949310
1209;-7854.000000;323.000000;325.949310
1210;-7854.000000;323.000000;325.949310
1211;-7854.000000;323.000000;325.949310
1212;-7854.000000;322.000000;325.949310
1213;-7860.000000;322.000000;325.949310
1214;-7860.000000;322.000000;325.949310
1215;-7862.000000;322.000000;325.949310
1216;-7868.000000;322.000000;325.949310
1217;-7867.000000;322.000000;325.949310
1218;-7869.000000;322.000000;325.949310
1219;-7875.000000;322.000000;325.949310
1220;-7873.000000;322.000000;325.949310
1221;-7868.000000;323.000000;325.949310
1222;-7868.000000;323.000000;325.949310
1223;-7866.000000;323.000000;325.949310
1224;-7858.000000;323.000000;325.949310
1225;-7854.000000;322.000000;325.949310
1226;-7859.000000;322.000000;325.949310
1227;-7856.000000;322.000000;325.949310
1228;-7857.000000;322.000000;325.949310
1229;-7862.000000;322.000000;325.949310
1230;-7865.000000;322.000000;325.949310
1231;-7865.000000;322.000000;325.949310
1232;-7866.000000;322.000000;325.949310
1233;-7869.000000;322.000000;325.949310
1234;-7867.000000;322.000000;325.949310
1235;-7863.000000;322.000000;325.949310
1236;-7865.000000;322.000000;325.949310
1237;-7864.000000;322.000000;325.949310
1238;-7859.000000;322.000000;325.949310
1239;-7861.000000;322.000000;325.949310
1240;-7864.000000;322.000000;325.949310
1241;-7860.000000;322.000000;325.949310
1242;-7861.000000;322.000000;325.949310
1243;-7863.000000;322.000000;325.949310
1244;-7859.000000;322.000000;325.949310
1245;-7862.000000;322.000000;325.949310
1246;-7865.000000;322.000000;325.949310
1247;-7861.000000;322.000000;325.949310
1248;-7863.000000;322.000000;325.949310
1249;-7864.000000;322.000000;325.949310
1250;-7861.000000;322.000000;325.949310
1251;-7864.000000;322.000000;325.949310
1252;-7867.000000;322.000000;325.949310
1253;-7866.000000;322.000000;325.949310
1254;-7869.000000;322.000000;325.949310
1255;-7869.000000;322.000000;325.949310
1256;-7866.000000;322.000000;325.949310
1257;-7868.000000;322.000000;325.949310
1258;-7868.000000;322.000000;325.949310
1259;-7866.000000;322.000000;325.949310
1260;-7868.000000;322.000000;325.949310
1261;-7869.000000;322.000000;325.949310
1262;-7868.000000;322.000000;325.949310
1263;-7870.000000;322.000000;325.949310
1264;-7871.000000;322.000000;325.949310
1265;-7869.000000;322.000000;325.949310
1266;-7870.000000;322.000000;325.949310
1267;-7871.000000;322.000000;325.949310
1268;-7868.000000;322.000000;325.949310
1269;-7869.000000;322.000000;325.949310
1270;-7869.000000;322.000000;325.949310
1271;-7868.000000;322.000000;325.949310
1272;-7870.000000;322.000000;325.949310
1273;-7868.000000;322.000000;325.949310
1274;-7866.000000;322.000000;325.949310
1275;-7867.000000;322.000000;325.949310
1276;-7865.000000;322.000000;325.949310
1277;-7866.000000;322.000000;325.949310
1278;-7868.000000;322.000000;325.949310
1279;-7867.000000;322.000000;325.949310
1280;-7867.000000;322.000000;325.949310
1281;-7870.000000;322.000000;325.949310
1282;-7867.000000;322.000000;325.949310
1283;-7867.000000;322.000000;325.949310
1284;-7868.000000;322.000000;325.949310
1285;-7866.000000;322.000000;325.949310
1286;-7868.000000;322.000000;325.949310
1287;-7869.000000;322.000000;325.949310
1288;-7868.000000;322.000000;325.949310
1289;-7869.000000;322.000000;325.949310
1290;-7870.000000;322.000000;325.949310
1291;-7869.000000;322.000000;325.949310
1292;-7870.000000;322.000000;325.949310
1293;-7872.000000;322.000000;325.949310
1294;-7870.000000;322.000000;325.949310
1295;-7872.000000;322.000000;325.949310
1296;-7872.000000;322.000000;325.949310
1297;-7870.000000;322.000000;325.949310
1298;-7871.000000;322.000000;325.949310
1299;-7870.000000;322.000000;325.949310
1300;-7869.000000;322.000000;325.949310
1301;-7871.000000;322.000000;325.949310
1302;-7872.000000;322.000000;325.949310
1303;-7873.000000;322.000000;325.949310
1304;-7874.000000;322.000000;325.949310
1305;-7874.000000;322.000000;325.949310
1306;-7873.000000;322.000000;325.949310
1307;-7873.000000;322.000000;325.949310
1308;-7874.000000;322.000000;325.949310
1309;-7873.000000;322.000000;325.949310
1310;-7873.000000;322.000000;325.949310
1311;-7873.000000;322.000000;325.949310
1312;-7872.000000;322.000000;325.949310
1313;-7873.000000;322.000000;325.949310
1314;-7873.000000;322.000000;325.949310
1315;-7873.000000;322.000000;325.949310
1316;-7874.000000;322.000000;325.949310
1317;-7876.000000;323.000000;325.949310
1318;-7871.000000;323.000000;325.949310
1319;-7868.000000;323.000000;325.949310
1320;-7865.000000;323.000000;325.949310
1321;-7860.000000;323.000000;325.949310
1322;-7858.000000;323.000000;325.949310
1323;-7856.000000;323.000000;325.949310
1324;-7855.000000;323.000000;325.949310
1325;-7853.000000;323.000000;325.949310
1326;-7857.000000;322.000000;325.949310
1327;-7865.000000;322.000000;325.949310
1328;-7866.000000;322.000000;325.949310
1329;-7871.000000;322.000000;325.949310
1330;-7877.000000;322.000000;325.949310
1331;-7874.000000;323.000000;325.949310
1332;-7872.000000;323.000000;325.949310
1333;-7873.000000;323.000000;325.949310
1334;-7866.000000;323.000000;325.949310
1335;-7858.000000;323.000000;325.949310
1336;-7854.000000;323.000000;325.949310
1337;-7849.000000;323.000000;325.949310
1338;-7848.000000;322.000000;325.949310
1339;-7848.000000;322.000000;325.949310
1340;-7848.000000;322.000000;325.949310
1341;-7852.000000;322.000000;325.949310
1342;-7855.000000;322.000000;325.949310
1343;-7859.000000;322.000000;325.949310
1344;-7865.000000;322.000000;325.949310
1345;-7867.000000;322.000000;325.949310
1346;-7868.000000;322.000000;325.949310
1347;-7871.000000;322.000000;325.949310
1348;-7873.000000;322.000000;325.949310
1349;-7873.000000;322.000000;325.949310
1350;-7874.000000;323.000000;325.949310
1351;-7866.000000;323.000000;325.949310
1352;-7859.000000;323.000000;325.949310
1353;-7854.000000;323.000000;325.949310
1354;-7846.000000;322.000000;325.949310
1355;-7846.000000;322.000000;325.949310
1356;-7848.000000;322.000000;325.949310
1357;-7848.000000;322.000000;325.949310
1358;-7852.000000;322.000000;325.949310
1359;-7857.000000;322.000000;325.949310
1360;-7860.000000;322.000000;325.949310
1361;-7861.000000;322.000000;325.949310
1362;-7864.000000;322.000000;325.949310
1363;-7862.000000;322.000000;325.949310
1364;-7862.000000;322.000000;325.949310
1365;-7865.000000;322.000000;325.949310
1366;-7864.000000;322.000000;325.949310
1367;-7863.000000;322.000000;325.949310
1368;-7865.000000;322.000000;325.949310
1369;-7862.000000;322.000000;325.949310
1370;-7862.000000;322.000000;325.949310
1371;-7863.000000;322.000000;325.949310
1372;-7860.000000;322.000000;325.949310
1373;-7861.000000;322.000000;325.949310
1374;-7863.000000;322.000000;325.949310
1375;-7861.000000;322.000000;325.949310
1376;-7863.000000;322.000000;325.949310
1377;-7864.000000;322.000000;325.949310
1378;-7861.000000;322.000000;325.949310
1379;-7862.000000;322.000000;325.949310
1380;-7862.000000;322.000000;325.949310
1381;-7860.000000;322.000000;325.949310
1382;-7863.000000;322.000000;325.949310
1383;-7865.000000;322.000000;325.949310
1384;-7863.000000;322.000000;325.949310
1385;-7865.000000;322.000000;325.949310
1386;-7866.000000;322.000000;325.949310
1387;-7864.000000;322.000000;325.949310
1388;-7866.000000;322.000000;325.949310
1389;-7868.000000;322.000000;325.949310
1390;-7865.000000;322.000000;325.949310
1391;-7867.000000;322.000000;325.949310
1392;-7867.000000;322.000000;325.949310
1393;-7864.000000;322.000000;325.949310
1394;-7865.000000;322.000000;325.949310
1395;-7865.000000;322.000000;325.949310
1396;-7862.000000;322.000000;325.949310
1397;-7862.000000;322.000000;325.949310
1398;-7862.000000;322.000000;325.949310
1399;-7860.000000;322.000000;325.949310
1400;-7863.000000;322.000000;325.949310
1401;-7865.000000;322.000000;325.949310
1402;-7864.000000;322.000000;325.949310
1403;-7867.000000;322.000000;325.949310
1404;-7868.000000;322.000000;325.949310
1405;-7864.000000;322.000000;325.949310
1406;-7865.000000;322.000000;325.949310
1407;-7864.000000;322.000000;325.949310
1408;-7859.000000;322.000000;325.949310
1409;-7861.000000;322.000000;325.949310
1410;-7861.000000;322.000000;325.949310
1411;-7859.000000;322.000000;325.949310
1412;-7863.000000;322.000000;325.949310
1413;-7864.000000;322.000000;325.949310
1414;-7863.000000;322.000000;325.949310
1415;-7864.000000;322.000000;325.949310
1416;-7864.000000;322.000000;325.949310
1417;-7863.000000;322.000000;325.949310
1418;-7865.000000;322.000000;325.949310
1419;-7864.000000;322.000000;325.949310
1420;-7864.000000;322.000000;325.949310
1421;-7866.000000;322.000000;325.949310
1422;-7866.000000;322.000000;325.949310
1423;-7866.000000;322.000000;325.949310
1424;-7868.000000;322.000000;325.949310
1425;-7867.000000;322.000000;325.949310
1426;-7868.000000;322.000000;325.949310
1427;-7870.000000;322.000000;325.949310
1428;-7869.000000;322.000000;325.949310
1429;-7869.000000;322.000000;325.949310
1430;-7870.000000;322.000000;325.949310
1431;-7869.000000;322.000000;325.949310
1432;-7870.000000;322.000000;325.949310
1433;-7872.000000;322.000000;325.949310
1434;-7871.000000;322.000000;325.949310
1435;-7872.000000;322.000000;325.949310
1436;-7871.000000;322.000000;325.949310
1437;-7869.000000;322.000000;325.949310
1438;-7870.000000;322.000000;325.949310
1439;-7871.000000;322.000000;325.949310
1440;-7871.000000;322.000000;325.949310
1441;-7872.000000;322.000000;325.949310
1442;-7872.000000;322.000000;325.949310
1443;-7872.000000;322.000000;325.949310
1444;-7873.000000;322.000000;325.949310
1445;-7874.000000;322.000000;325.949310
1446;-7873.000000;322.000000;325.949310
1447;-7873.000000;322.000000;325.949310
1448;-7874.000000;322.000000;325.949310
1449;-7870.000000;323.000000;325.949310
1450;-7865.000000;323.000000;325.949310
1451;-7861.000000;323.000000;325.949310
1452;-7856.000000;323.000000;325.949310
1453;-7852.000000;323.000000;325.949310
1454;-7854.000000;322.000000;325.949310
1455;-7857.000000;322.000000;325.949310
1456;-7856.000000;322.000000;325.949310
1457;-7861.000000;322.000000;325.949310
1458;-7868.000000;322.000000;325.949310
1459;-7869.000000;322.000000;325.949310
1460;-7870.000000;322.000000;325.949310
1461;-7876.000000;323.000000;325.949310
1462;-7868.000000;323.000000;325.949310
1463;-7862.000000;323.000000;325.949310
1464;-7862.000000;323.000000;325.949310
1465;-7855.000000;323.000000;325.949310
1466;-7849.000000;322.000000;325.949310
1467;-7853.000000;322.000000;325.949310
1468;-7851.000000;322.000000;325.949310
1469;-7851.000000;322.000000;325.949310
1470;-7858.000000;322.000000;325.949310
1471;-7859.000000;322.000000;325.949310
1472;-7860.000000;322.000000;325.949310
1473;-7862.000000;322.000000;325.949310
1474;-7863.000000;322.000000;325.949310
1475;-7863.000000;322.000000;325.949310
1476;-7863.000000;322.000000;325.949310
1477;-7862.000000;322.000000;325.949310
1478;-7862.000000;322.000000;325.949310
1479;-7861.000000;322.000000;325.949310
1480;-7861.000000;322.000000;325.949310
1481;-7864.000000;322.000000;325.949310
1482;-7864.000000;322.000000;325.949310
1483;-7861.000000;322.000000;325.949310
1484;-7864.000000;322.000000;325.949310
1485;-7863.000000;322.000000;325.949310
1486;-7861.000000;322.000000;325.949310
1487;-7863.000000;322.000000;325.949310
1488;-7861.000000;322.000000;325.949310
1489;-7860.000000;322.000000;325.949310
1490;-7863.000000;322.000000;325.949310
1491;-7863.000000;322.000000;325.949310
1492;-7862.000000;322.000000;325.949310
1493;-7865.000000;322.000000;325.949310
1494;-7864.000000;322.000000;325.949310
1495;-7863.000000;322.000000;325.949310
1496;-7865.000000;322.000000;325.949310
1497;-7863.000000;322.000000;325.949310
1498;-7862.000000;322.000000;325.949310
1499;-7866.000000;322.000000;325.949310
1500;-7865.000000;322.000000;325.949310
1501;-7865.000000;322.000000;325.949310
1502;-7869.000000;322.000000;325.949310
1503;-7868.000000;322.000000;325.949310
1504;-7868.000000;322.000000;325.949310
1505;-7871.000000;322.000000;325.949310
1506;-7868.000000;322.000000;325.949310
1507;-7867.000000;322.000000;325.949310
1508;-7869.000000;322.000000;325.949310
1509;-7866.000000;322.000000;325.949310
1510;-7866.000000;322.000000;325.949310
1511;-7870.000000;322.000000;325.949310
1512;-7868.000000;322.000000;325.949310
1513;-7868.000000;322.000000;325.949310
1514;-7871.000000;322.000000;325.949310
1515;-7870.000000;322.000000;325.949310
1516;-7869.000000;322.000000;325.949310
1517;-7871.000000;322.000000;325.949310
1518;-7870.000000;322.000000;325.949310
1519;-7869.000000;322.000000;325.949310
1520;-7872.000000;322.000000;325.949310
1521;-7870.000000;322.000000;325.949310
1522;-7871.000000;322.000000;325.949310
1523;-7872.000000;322.000000;325.949310
1524;-7871.000000;322.000000;325.949310
1525;-7872.000000;322.000000;325.949310
1526;-7872.000000;322.000000;325.949310
1527;-7869.000000;322.000000;325.949310
1528;-7872.000000;322.000000;325.949310
1529;-7872.000000;322.000000;325.949310
1530;-7870.000000;322.000000;325.949310
1531;-7872.000000;322.000000;325.949310
1532;-7874.000000;322.000000;325.949310
1533;-7872.000000;322.000000;325.949310
1534;-7874.000000;322.000000;325.949310
1535;-7876.000000;323.000000;325.949310
1536;-7867.000000;323.000000;325.949310
1537;-7864.000000;323.000000;325.949310
1538;-7859.000000;323.000000;325.949310
1539;-7852.000000;323.000000;325.949310
1540;-7850.000000;322.000000;325.949310
1541;-7852.000000;322.000000;325.949310
1542;-7851.000000;322.000000;325.949310
1543;-7855.000000;322.000000;325.949310
1544;-7861.000000;322.000000;325.949310
1545;-7861.000000;322.000000;325.949310
1546;-7863.000000;322.000000;325.949310
1547;-7867.000000;322.000000;325.949310
1548;-7868.000000;322.000000;325.949310
1549;-7868.000000;322.000000;325.949310
1550;-7869.000000;322.000000;325.949310
1551;-7869.000000;322.000000;325.949310
1552;-7870.000000;322.000000;325.949310
1553;-7870.000000;322.000000;325.949310
1554;-7871.000000;322.000000;325.949310
1555;-7873.000000;322.000000;325.949310
1556;-7871.000000;322.000000;325.949310
1557;-7871.000000;322.000000;325.949310
1558;-7873.000000;322.000000;325.949310
1559;-7871.000000;322.000000;325.949310
1560;-7871.000000;322.000000;325.949310
1561;-7873.000000;322.000000;325.949310
1562;-7872.000000;322.000000;325.949310
1563;-7872.000000;322.000000;325.949310
1564;-7873.000000;322.000000;325.949310
1565;-7871.000000;322.000000;325.949310
1566;-7871.000000;322.000000;325.949310
1567;-7871.000000;322.000000;325.949310
1568;-7870.000000;322.000000;325.949310
1569;-7871.000000;322.000000;325.949310
1570;-7872.000000;322.000000;325.949310
1571;-7872.000000;322.000000;325.949310
1572;-7872.000000;322.000000;325.949310
1573;-7871.000000;322.000000;325.949310
1574;-7871.000000;322.000000;325.949310
1575;-7871.000000;322.000000;325.949310
1576;-7870.000000;322.000000;325.949310
1577;-7871.000000;322.000000;325.949310
1578;-7870.000000;322.000000;325.949310
1579;-7871.000000;322.000000;325.949310
1580;-7872.000000;322.000000;325.949310
1581;-7872.000000;322.000000;325.949310
1582;-7872.000000;322.000000;325.949310
1583;-7875.000000;322.000000;325.949310
1584;-7872.000000;323.000000;325.949310
1585;-7869.000000;323.000000;325.949310
1586;-7868.000000;323.000000;325.949310
1587;-7864.000000;323.000000;325.949310
1588;-7857.000000;323.000000;325.949310
1589;-7856.000000;323.000000;325.949310
1590;-7854.000000;323.000000;325.949310
1591;-7849.000000;322.000000;325.949310
1592;-7855.000000;322.000000;325.949310
1593;-7859.000000;322.000000;325.949310
1594;-7861.000000;322.000000;325.949310
1595;-7865.000000;322.000000;325.949310
1596;-7869.000000;322.000000;325.949310
1597;-7871.000000;322.000000;325.949310
1598;-7874.000000;322.000000;325.949310
1599;-7875.000000;322.000000;325.949310
1600;-7874.000000;322.000000;325.949310
1601;-7875.000000;322.000000;325.949310
1602;-7874.000000;322.000000;325.949310
1603;-7875.000000;323.000000;325.949310
1604;-7871.000000;323.000000;325.949310
1605;-7863.000000;323.000000;325.949310
1606;-7861.000000;323.000000;325.949310
1607;-7855.000000;323.000000;325.949310
1608;-7847.000000;322.000000;325.949310
1609;-7850.000000;322.000000;325.949310
1610;-7850.000000;322.000000;325.949310
1611;-7846.000000;322.000000;325.949310
1612;-7851.000000;322.000000;325.949310
1613;-7856.000000;322.000000;325.949310
1614;-7854.000000;322.000000;325.949310
1615;-7858.000000;322.000000;325.949310
1616;-7864.000000;322.000000;325.949310
1617;-7861.000000;322.000000;325.949310
1618;-7865.000000;322.000000;325.949310
1619;-7873.000000;322.000000;325.949310
1620;-7871.000000;322.000000;325.949310
1621;-7872.000000;322.000000;325.949310
1622;-7874.000000;322.000000;325.949310
1623;-7872.000000;322.000000;325.949310
1624;-7869.000000;323.000000;325.949310
1625;-7864.000000;323.000000;325.949310
1626;-7859.000000;323.000000;325.949310
1627;-7851.000000;323.000000;325.949310
1628;-7848.000000;322.000000;325.949310
1629;-7849.000000;322.000000;325.949310
1630;-7849.000000;322.000000;325.949310
1631;-7850.000000;322.000000;325.949310
1632;-7852.000000;322.000000;325.949310
1633;-7859.000000;322.000000;325.949310
1634;-7862.000000;322.000000;325.949310
1635;-7866.000000;322.000000;325.949310
1636;-7872.000000;322.000000;325.949310
1637;-7873.000000;322.000000;325.949310
1638;-7872.000000;322.000000;325.949310
1639;-7874.000000;322.000000;325.949310
1640;-7874.000000;322.000000;325.949310
1641;-7870.000000;322.000000;325.949310
1642;-7870.000000;322.000000;325.949310
1643;-7868.000000;322.000000;325.949310
1644;-7865.000000;322.000000;325.949310
1645;-7866.000000;322.000000;325.949310
1646;-7865.000000;322.000000;325.949310
1647;-7863.000000;322.000000;325.949310
1648;-7865.000000;322.000000;325.949310
1649;-7864.000000;322.000000;325.949310
1650;-7864.000000;322.000000;325.949310
1651;-7867.000000;322.000000;325.949310
1652;-7865.000000;322.000000;325.949310
1653;-7863.000000;322.000000;325.949310
1654;-7866.000000;322.000000;325.949310
1655;-7863.000000;322.000000;325.949310
1656;-7863.000000;322.000000;325.949310
1657;-7866.000000;322.000000;325.949310
1658;-7864.000000;322.000000;325.949310
1659;-7866.000000;322.000000;325.949310
1660;-7868.000000;322.000000;325.949310
1661;-7866.000000;322.000000;325.949310
1662;-7867.000000;322.000000;325.949310
1663;-7868.000000;322.000000;325.949310
1664;-7865.000000;322.000000;325.949310
1665;-7867.000000;322.000000;325.949310
1666;-7867.000000;322.000000;325.949310
1667;-7865.000000;322.000000;325.949310
1668;-7867.000000;322.000000;325.949310
1669;-7869.000000;322.000000;325.949310
1670;-7868.000000;322.000000;325.949310
1671;-7871.000000;322.000000;325.949310
1672;-7873.000000;322.000000;325.949310
1673;-7873.000000;322.000000;325.949310
1674;-7869.000000;323.000000;325.949310
1675;-7865.000000;323.000000;325.949310
1676;-7862.000000;323.000000;325.949310
1677;-7857.000000;323.000000;325.949310
1678;-7852.000000;322.000000;325.949310
1679;-7856.000000;322.000000;325.949310
1680;-7860.000000;322.000000;325.949310
1681;-7862.000000;322.000000;325.949310
1682;-7870.000000;322.000000;325.949310
1683;-7875.000000;323.000000;325.949310
1684;-7869.000000;323.000000;325.949310
1685;-7867.000000;323.000000;325.949310
1686;-7865.000000;323.000000;325.949310
1687;-7856.000000;323.000000;325.949310
1688;-7852.000000;322.000000;325.949310
1689;-7857.000000;322.000000;325.949310
1690;-7855.000000;322.000000;325.949310
1691;-7856.000000;322.000000;325.949310
1692;-7866.000000;322.000000;325.949310
1693;-7870.000000;322.000000;325.949310
1694;-7871.000000;322.000000;325.949310
1695;-7878.000000;323.000000;325.949310
1696;-7876.000000;323.000000;325.949310
1697;-7870.000000;323.000000;325.949310
1698;-7865.000000;323.000000;325.949310
1699;-7860.000000;323.000000;325.949310
1700;-7853.000000;322.000000;325.949310
1701;-7851.000000;322.000000;325.949310
1702;-7854.000000;322.000000;325.949310
1703;-7855.000000;322.000000;325.949310
1704;-7861.000000;322.000000;325.949310
1705;-7865.000000;322.000000;325.949310
1706;-7869.000000;322.000000;325.949310
1707;-7871.000000;322.000000;325.949310
1708;-7873.000000;322.000000;325.949310
1709;-7873.000000;322.000000;325.949310
1710;-7871.000000;322.000000;325.949310
1711;-7872.000000;322.000000;325.949310
1712;-7872.000000;322.000000;325.949310
1713;-7870.000000;322.000000;325.949310
1714;-7869.000000;322.000000;325.949310
1715;-7868.000000;322.000000;325.949310
1716;-7866.000000;322.000000;325.949310
1717;-7866.000000;322.000000;325.949310
1718;-7866.000000;322.000000;325.949310
1719;-7866.000000;322.000000;325.949310
1720;-7867.000000;322.000000;325.949310
1721;-7867.000000;322.000000;325.949310
1722;-7867.000000;322.000000;325.949310
1723;-7869.000000;322.000000;325.949310
1724;-7868.000000;322.000000;325.949310
1725;-7868.000000;322.000000;325.949310
1726;-7870.000000;322.000000;325.949310
1727;-7869.000000;322.000000;325.949310
1728;-7869.000000;322.000000;325.949310
1729;-7873.000000;322.000000;325.949310
1730;-7873.000000;322.000000;325.949310
1731;-7873.000000;322.000000;325.949310
1732;-7877.000000;323.000000;325.949310
1733;-7870.000000;323.000000;325.949310
1734;-7865.000000;323.000000;325.949310
1735;-7862.000000;323.000000;325.949310
1736;-7854.000000;323.000000;325.949310
1737;-7853.000000;322.000000;325.949310
1738;-7854.000000;322.000000;325.949310
1739;-7852.000000;322.000000;325.949310
1740;-7854.000000;322.000000;325.949310
1741;-7861.000000;322.000000;325.949310
1742;-7861.000000;322.000000;325.949310
1743;-7863.000000;322.000000;325.949310
1744;-7867.000000;322.000000;325.949310
1745;-7867.000000;322.000000;325.949310
1746;-7867.000000;322.000000;325.949310
1747;-7869.000000;322.000000;325.949310
1748;-7869.000000;322.000000;325.949310
1749;-7870.000000;322.000000;325.949310
1750;-7870.000000;322.000000;325.949310
1751;-7869.000000;322.000000;325.949310
1752;-7870.000000;322.000000;325.949310
1753;-7871.000000;322.000000;325.949310
1754;-7868.000000;322.000000;325.949310
1755;-7868.000000;322.000000;325.949310
1756;-7868.000000;322.000000;325.949310
1757;-7864.000000;322.000000;325.949310
1758;-7866.000000;322.000000;325.949310
1759;-7866.000000;322.000000;325.949310
1760;-7864.000000;322.000000;325.949310
1761;-7866.000000;322.000000;325.949310
1762;-7867.000000;322.000000;325.949310
1763;-7866.000000;322.000000;325.949310
1764;-7869.000000;322.000000;325.949310
1765;-7870.000000;322.000000;325.949310
1766;-7868.000000;322.000000;325.949310
1767;-7870.000000;322.000000;325.949310
1768;-7871.000000;322.000000;325.949310
1769;-7870.000000;322.000000;325.949310
1770;-7872.000000;322.000000;325.949310
1771;-7872.000000;322.000000;325.949310
1772;-7870.000000;322.000000;325.949310
1773;-7872.000000;322.000000;325.949310
1774;-7872.000000;322.000000;325.949310
1775;-7870.000000;322.000000;325.949310
1776;-7872.000000;322.000000;325.949310
1777;-7871.000000;322.000000;325.949310
1778;-7871.000000;322.000000;325.949310
1779;-7872.000000;322.000000;325.949310
1780;-7869.000000;322.000000;325.949310
1781;-7866.000000;322.000000;325.949310
1782;-7867.000000;322.000000;325.949310
1783;-7863.000000;322.000000;325.949310
1784;-7861.000000;322.000000;325.949310
1785;-7864.000000;322.000000;325.949310
1786;-7864.000000;322.000000;325.949310
1787;-7864.000000;322.000000;325.949310
1788;-7869.000000;322.000000;325.949310
1789;-7871.000000;322.000000;325.949310
1790;-7871.000000;322.000000;325.949310
1791;-7874.000000;322.000000;325.949310
1792;-7876.000000;323.000000;325.949310
1793;-7867.000000;323.000000;325.949310
1794;-7862.000000;323.000000;325.949310
1795;-7858.000000;323.000000;325.949310
1796;-7851.000000;323.000000;325.949310
1797;-7848.000000;322.000000;325.949310
1798;-7850.000000;322.000000;325.949310
1799;-7851.000000;322.000000;325.949310
1800;-7853.000000;322.000000;325.949310
1801;-7859.000000;322.000000;325.949310
1802;-7862.000000;322.000000;325.949310
1803;-7864.000000;322.000000;325.949310
1804;-7866.000000;322.000000;325.949310
1805;-7869.000000;322.000000;325.949310
1806;-7869.000000;322.000000;325.949310
1807;-7869.000000;322.000000;325.949310
1808;-7872.000000;322.000000;325.949310
1809;-7871.000000;322.000000;325.949310
1810;-7870.000000;322.000000;325.949310
1811;-7873.000000;322.000000;325.949310
1812;-7872.000000;322.000000;325.949310
1813;-7872.000000;322.000000;325.949310
1814;-7873.000000;322.000000;325.949310
1815;-7872.000000;322.000000;325.949310
1816;-7872.000000;322.000000;325.949310
1817;-7873.000000;322.000000;325.949310
1818;-7872.000000;322.000000;325.949310
1819;-7873.000000;322.000000;325.949310
1820;-7874.000000;322.000000;325.949310
1821;-7873.000000;322.000000;325.949310
1822;-7874.000000;322.000000;325.949310
1823;-7875.000000;323.000000;325.949310
1824;-7870.000000;323.000000;325.949310
1825;-7867.000000;323.000000;325.949310
1826;-7865.000000;323.000000;325.949310
1827;-7858.000000;323.000000;325.949310
1828;-7856.000000;323.000000;325.949310
1829;-7855.000000;323.000000;325.949310
1830;-7851.000000;323.000000;325.949310
1831;-7855.000000;322.000000;325.949310
1832;-7858.000000;322.000000;325.949310
1833;-7860.000000;322.000000;325.949310
1834;-7862.000000;322.000000;325.949310
1835;-7865.000000;322.000000;325.949310
1836;-7865.000000;322.000000;325.949310
1837;-7866.000000;322.000000;325.949310
1838;-7868.000000;322.000000;325.949310
1839;-7868.000000;322.000000;325.949310
1840;-7870.000000;322.000000;325.949310
1841;-7870.000000;322.000000;325.949310
1842;-7872.000000;322.000000;325.949310
1843;-7873.000000;322.000000;325.949310
1844;-7871.000000;322.000000;325.949310
1845;-7871.000000;322.000000;325.949310
1846;-7870.000000;322.000000;325.949310
1847;-7866.000000;322.000000;325.949310
1848;-7866.000000;322.000000;325.949310
1849;-7865.000000;322.000000;325.949310
1850;-7864.000000;322.000000;325.949310
1851;-7866.000000;322.000000;325.949310
1852;-7866.000000;322.000000;325.949310
1853;-7864.000000;322.000000;325.949310
1854;-7865.000000;322.000000;325.949310
1855;-7865.000000;322.000000;325.949310
1856;-7863.000000;322.000000;325.949310
1857;-7865.000000;322.000000;325.949310
1858;-7866.000000;322.000000;325.949310
1859;-7866.000000;322.000000;325.949310
1860;-7869.000000;322.000000;325.949310
1861;-7868.000000;322.000000;325.949310
1862;-7866.000000;322.000000;325.949310
1863;-7868.000000;322.000000;325.949310
1864;-7865.000000;322.000000;325.949310
1865;-7863.000000;322.000000;325.949310
1866;-7864.000000;322.000000;325.949310
1867;-7862.000000;322.000000;325.949310
1868;-7861.000000;322.000000;325.949310
1869;-7865.000000;322.000000;325.949310
1870;-7865.000000;322.000000;325.949310
1871;-7865.000000;322.000000;325.949310
1872;-7869.000000;322.000000;325.949310
1873;-7870.000000;322.000000;325.949310
1874;-7870.000000;322.000000;325.949310
1875;-7873.000000;322.000000;325.949310
1876;-7873.000000;322.000000;325.949310
1877;-7872.000000;322.000000;325.949310
1878;-7873.000000;322.000000;325.949310
1879;-7871.000000;322.000000;325.949310
1880;-7868.000000;322.000000;325.949310
1881;-7870.000000;322.000000;325.949310
1882;-7868.000000;322.000000;325.949310
1883;-7869.000000;322.000000;325.949310
1884;-7871.000000;322.000000;325.949310
1885;-7869.000000;322.000000;325.949310
1886;-7872.000000;322.000000;325.949310
1887;-7875.000000;323.000000;325.949310
1888;-7867.000000;323.000000;325.949310
1889;-7864.000000;323.000000;325.949310
1890;-7861.000000;323.000000;325.949310
1891;-7852.000000;323.000000;325.949310
1892;-7851.000000;322.000000;325.949310
1893;-7854.000000;322.000000;325.949310
1894;-7851.000000;322.000000;325.949310
1895;-7854.000000;322.000000;325.949310
1896;-7860.000000;322.000000;325.949310
1897;-7859.000000;322.000000;325.949310
1898;-7861.000000;322.000000;325.949310
1899;-7865.000000;322.000000;325.949310
1900;-7864.000000;322.000000;325.949310
1901;-7864.000000;322.000000;325.949310
1902;-7865.000000;322.000000;325.949310
1903;-7864.000000;322.000000;325.949310
1904;-7864.000000;322.000000;325.949310
1905;-7864.000000;322.000000;325.949310
1906;-7862.000000;322.000000;325.949310
1907;-7863.000000;322.000000;325.949310
1908;-7863.000000;322.000000;325.949310
1909;-7863.000000;322.000000;325.949310
1910;-7865.000000;322.000000;325.949310
1911;-7865.000000;322.000000;325.949310
1912;-7866.000000;322.000000;325.949310
1913;-7869.000000;322.000000;325.949310
1914;-7870.000000;322.000000;325.949310
1915;-7873.000000;322.000000;325.949310
1916;-7875.000000;322.000000;325.949310
1917;-7874.000000;322.000000;325.949310
1918;-7874.000000;322.000000;325.949310
1919;-7875.000000;322.000000;325.949310
1920;-7868.000000;323.000000;325.949310
1921;-7863.000000;323.000000;325.949310
1922;-7862.000000;323.000000;325.949310
1923;-7856.000000;323.000000;325.949310
1924;-7851.000000;323.000000;325.949310
1925;-7857.000000;322.000000;325.949310
1926;-7857.000000;322.000000;325.949310
1927;-7856.000000;322.000000;325.949310
1928;-7864.000000;322.000000;325.949310
1929;-7868.000000;322.000000;325.949310
1930;-7869.000000;322.000000;325.949310
1931;-7874.000000;322.000000;325.949310
1932;-7873.000000;323.000000;325.949310
1933;-7866.000000;323.000000;325.949310
1934;-7862.000000;323.000000;325.949310
1935;-7857.000000;323.000000;325.949310
1936;-7851.000000;323.000000;325.949310
1937;-7853.000000;322.000000;325.949310
1938;-7854.000000;322.000000;325.949310
1939;-7855.000000;322.000000;325.949310
1940;-7858.000000;322.000000;325.949310
1941;-7862.000000;322.000000;325.949310
1942;-7865.000000;322.000000;325.949310
1943;-7867.000000;322.000000;325.949310
1944;-7869.000000;322.000000;325.949310
1945;-7870.000000;322.000000;325.949310
1946;-7870.000000;322.000000;325.949310
1947;-7870.000000;322.000000;325.949310
1948;-7870.000000;322.000000;325.949310
1949;-7870.000000;322.000000;325.949310
1950;-7869.000000;322.000000;325.949310
1951;-7871.000000;322.000000;325.949310
1952;-7872.000000;322.000000;325.949310
1953;-7873.000000;322.000000;325.949310
1954;-7874.000000;322.000000;325.949310
1955;-7873.000000;322.000000;325.949310
1956;-7873.000000;322.000000;325.949310
1957;-7872.000000;322.000000;325.949310
1958;-7871.000000;322.000000;325.949310
1959;-7871.000000;322.000000;325.949310
1960;-7870.000000;322.000000;325.949310
1961;-7869.000000;322.000000;325.949310
1962;-7870.000000;322.000000;325.949310
1963;-7870.000000;322.000000;325.949310
1964;-7870.000000;322.000000;325.949310
1965;-7871.000000;322.000000;325.949310
1966;-7870.000000;322.000000;325.949310
1967;-7872.000000;322.000000;325.949310
1968;-7874.000000;322.000000;325.949310
1969;-7875.000000;323.000000;325.949310
1970;-7870.000000;323.000000;325.949310
1971;-7867.000000;323.000000;325.949310
1972;-7862.000000;323.000000;325.949310
1973;-7854.000000;323.000000;325.949310
1974;-7853.000000;323.000000;325.949310
1975;-7848.000000;323.000000;325.949310
1976;-7849.000000;322.000000;325.949310
1977;-7852.000000;322.000000;325.949310
1978;-7855.000000;322.000000;325.949310
1979;-7859.000000;322.000000;325.949310
1980;-7862.000000;322.000000;325.949310
1981;-7865.000000;322.000000;325.949310
1982;-7869.000000;322.000000;325.949310
1983;-7872.000000;322.000000;325.949310
1984;-7872.000000;322.000000;325.949310
1985;-7873.000000;322.000000;325.949310
1986;-7873.000000;322.000000;325.949310
1987;-7871.000000;322.000000;325.949310
1988;-7873.000000;322.000000;325.949310
1989;-7873.000000;322.000000;325.949310
1990;-7872.000000;322.000000;325.949310
1991;-7873.000000;322.000000;325.949310
1992;-7874.000000;322.000000;325.949310
1993;-7872.000000;322.000000;325.949310
1994;-7873.000000;322.000000;325.949310
1995;-7866.000000;323.000000;325.949310
1996;-7860.000000;323.000000;325.949310
1997;-7858.000000;323.000000;325.949310
1998;-7851.000000;323.000000;325.949310
1999;-7850.000000;322.000000;325.949310
2000;-7852.000000;322.000000;325.949310
2001;-7851.000000;322.000000;325.949310
2002;-7852.000000;322.000000;325.949310
2003;-7858.000000;322.000000;325.949310
2004;-7860.000000;322.000000;325.949310
2005;-7860.000000;322.000000;325.949310
2006;-7864.000000;322.000000;325.949310
2007;-7864.000000;322.000000;325.949310
2008;-7864.000000;322.000000;325.949310
2009;-7867.000000;322.000000;325.949310
2010;-7868.000000;322.000000;325.949310
2011;-7867.000000;322.000000;325.949310
2012;-7869.000000;322.000000;325.949310
2013;-7868.000000;322.000000;325.949310
2014;-7867.000000;322.000000;325.949310
2015;-7868.000000;322.000000;325.949310
2016;-7866.000000;322.000000;325.949310
2017;-7865.000000;322.000000;325.949310
2018;-7865.000000;322.000000;325.949310
2019;-7864.000000;322.000000;325.949310
2020;-7866.000000;322.000000;325.949310
2021;-7868.000000;322.000000;325.949310
2022;-7867.000000;322.000000;325.949310
2023;-7869.000000;322.000000;325.949310
2024;-7871.000000;322.000000;325.949310
2025;-7870.000000;322.000000;325.949310
2026;-7870.000000;322.000000;325.949310
2027;-7871.000000;322.000000;325.949310
2028;-7867.000000;322.000000;325.949310
2029;-7866.000000;322.000000;325.949310
2030;-7869.000000;322.000000;325.949310
2031;-7866.000000;322.000000;325.949310
2032;-7866.000000;322.000000;325.949310
2033;-7869.000000;322.000000;325.949310
2034;-7867.000000;322.000000;325.949310
2035;-7869.000000;322.000000;325.949310
2036;-7871.000000;322.000000;325.949310
2037;-7870.000000;322.000000;325.949310
2038;-7872.000000;322.000000;325.949310
2039;-7873.000000;322.000000;325.949310
2040;-7871.000000;322.000000;325.949310
2041;-7874.000000;322.000000;325.949310
2042;-7870.000000;323.000000;325.949310
2043;-7864.000000;323.000000;325.949310
2044;-7863.000000;323.000000;325.949310
2045;-7858.000000;323.000000;325.949310
2046;-7852.000000;322.000000;325.949310
2047;-7857.000000;322.000000;325.949310
2048;-7859.000000;322.000000;325.949310
2049;-7858.000000;322.000000;325.949310
2050;-7864.000000;322.000000;325.949310
2051;-7871.000000;322.000000;325.949310
2052;-7872.000000;322.000000;325.949310
2053;-7875.000000;322.000000;325.949310
2054;-7874.000000;323.000000;325.949310
2055;-7869.000000;323.000000;325.949310
2056;-7866.000000;323.000000;325.949310
2057;-7862.000000;323.000000;325.949310
2058;-7857.000000;323.000000;325.949310
2059;-7852.000000;323.000000;325.949310
2060;-7850.000000;322.000000;325.949310
2061;-7853.000000;322.000000;325.949310
2062;-7854.000000;322.000000;325.949310
2063;-7858.000000;322.000000;325.949310
2064;-7862.000000;322.000000;325.949310
2065;-7863.000000;322.000000;325.949310
2066;-7865.000000;322.000000;325.949310
2067;-7868.000000;322.000000;325.949310
2068;-7868.000000;322.000000;325.949310
2069;-7867.000000;322.000000;325.949310
2070;-7868.000000;322.000000;325.949310
2071;-7869.000000;322.000000;325.949310
2072;-7868.000000;322.000000;325.949310
2073;-7869.000000;322.000000;325.949310
2074;-7870.000000;322.000000;325.949310
2075;-7869.000000;322.000000;325.949310
2076;-7870.000000;322.000000;325.949310
2077;-7870.000000;322.000000;325.949310
2078;-7870.000000;322.000000;325.949310
2079;-7871.000000;322.000000;325.949310
2080;-7870.000000;322.000000;325.949310
2081;-7871.000000;322.000000;325.949310
2082;-7871.000000;322.000000;325.949310
2083;-7871.000000;322.000000;325.949310
2084;-7872.000000;322.000000;325.949310
2085;-7871.000000;322.000000;325.949310
2086;-7870.000000;322.000000;325.949310
2087;-7871.000000;322.000000;325.949310
2088;-7872.000000;322.000000;325.949310
2089;-7873.000000;322.000000;325.949310
2090;-7877.000000;323.000000;325.949310
2091;-7872.000000;323.000000;325.949310
2092;-7868.000000;323.000000;325.949310
2093;-7865.000000;323.000000;325.949310
2094;-7858.000000;323.000000;325.949310
2095;-7854.000000;322.000000;325.949310
2096;-7858.000000;322.000000;325.949310
2097;-7857.000000;322.000000;325.949310
2098;-7858.000000;322.000000;325.949310
2099;-7866.000000;322.000000;325.949310
2100;-7866.000000;322.000000;325.949310
2101;-7865.000000;322.000000;325.949310
2102;-7871.000000;322.000000;325.949310
2103;-7872.000000;322.000000;325.949310
2104;-7870.000000;322.000000;325.949310
2105;-7874.000000;322.000000;325.949310
2106;-7874.000000;323.000000;325.949310
2107;-7869.000000;323.000000;325.949310
2108;-7867.000000;323.000000;325.949310
2109;-7867.000000;323.000000;325.949310
2110;-7862.000000;323.000000;325.949310
2111;-7859.000000;323.000000;325.949310
2112;-7857.000000;323.000000;325.949310
2113;-7852.000000;323.000000;325.949310
2114;-7849.000000;322.000000;325.949310
2115;-7854.000000;322.000000;325.949310
2116;-7856.000000;322.000000;325.949310
2117;-7860.000000;322.000000;325.949310
2118;-7864.000000;322.000000;325.949310
2119;-7866.000000;322.000000;325.949310
2120;-7868.000000;322.000000;325.949310
2121;-7869.000000;322.000000;325.949310
2122;-7870.000000;322.000000;325.949310
2123;-7868.000000;322.000000;325.949310
2124;-7866.000000;322.000000;325.949310
2125;-7868.000000;322.000000;325.949310
2126;-7869.000000;322.000000;325.949310
2127;-7867.000000;322.000000;325.949310
2128;-7870.000000;322.000000;325.949310
2129;-7869.000000;322.000000;325.949310
2130;-7866.000000;322.000000;325.949310
2131;-7869.000000;322.000000;325.949310
2132;-7869.000000;322.000000;325.949310
2133;-7865.000000;322.000000;325.949310
2134;-7866.000000;322.000000;325.949310
2135;-7865.000000;322.000000;325.949310
2136;-7861.000000;322.000000;325.949310
2137;-7863.000000;322.000000;325.949310
2138;-7864.000000;322.000000;325.949310
2139;-7861.000000;322.000000;325.949310
2140;-7864.000000;322.000000;325.949310
2141;-7866.000000;322.000000;325.949310
2142;-7866.000000;322.000000;325.949310
2143;-7870.000000;322.000000;325.949310
2144;-7872.000000;322.000000;325.949310
2145;-7870.000000;322.000000;325.949310
2146;-7874.000000;322.000000;325.949310
2147;-7873.000000;322.000000;325.949310
2148;-7872.000000;322.000000;325.949310
2149;-7875.000000;322.000000;325.949310
2150;-7872.000000;323.000000;325.949310
2151;-7862.000000;323.000000;325.949310
